SetDesc: "PDF4LHC15_nnlo_mc. mem=0 => alphas(MZ)=0.118 average on replicas; mem=1-100 => PDF replicas"
SetIndex: 91500
Authors: The PDF4LHC Working Group
Reference: arXiv:1510.03865
Format: lhagrid1
DataVersion: 1
NumMembers: 101
Particle: 2212
Flavors: [-5, -4, -3, -2, -1, 1, 2, 3, 4, 5, 21]
OrderQCD: 2
FlavorScheme: variable
NumFlavors: 5
ErrorType: replicas
XMin: 9.9999997e-10
XMax: 1.0000000e+00
QMin: 1.0000000e+00
QMax: 1.0000000e+05
MZ: 9.1199997e+01
MUp: 0
MDown: 0
MStrange: 0
MCharm: 1.2750000e+00
MBottom: 4.1799998e+00
MTop: 1.7307001e+02
AlphaS_MZ: 0.1180000
AlphaS_OrderQCD: 2
AlphaS_Type: ipol
AlphaS_Qs: [1.0000000e+00, 1.0796795e+00, 1.1706605e+00, 1.2750000e+00, 1.2750000e+00, 1.3855224e+00, 1.5120252e+00, 1.6574510e+00, 1.8253968e+00, 2.0202851e+00, 2.2475839e+00, 2.5140953e+00, 2.8283343e+00, 3.2010288e+00, 3.6457884e+00, 4.1800003e+00, 4.1800003e+00, 4.7741985e+00, 5.4871731e+00, 6.3481822e+00, 7.3949838e+00, 8.6766729e+00, 1.0257580e+01, 1.2222692e+01, 1.4685240e+01, 1.7797415e+01, 2.1765667e+01, 2.6872751e+01, 3.3509815e+01, 4.2223629e+01, 5.3786850e+01, 6.9303848e+01, 9.0371864e+01, 1.1932981e+02, 1.5964717e+02, 2.1654037e+02, 2.9796371e+02, 4.1622632e+02, 5.9067157e+02, 8.5218951e+02, 1.2509458e+03, 1.8698527e+03, 2.8484863e+03, 4.4263682e+03, 7.0228691e+03, 1.1387848e+04, 1.8891875e+04, 3.2098328e+04, 5.5918199e+04, 1.0000000e+05]
AlphaS_Vals: [4.5449635e-01, 4.2645141e-01, 4.0067816e-01, 3.7693393e-01, 3.7853685e-01, 3.6049536e-01, 3.4340024e-01, 3.2719490e-01, 3.1182614e-01, 2.9724398e-01, 2.8340161e-01, 2.7025518e-01, 2.5776374e-01, 2.4588917e-01, 2.3459578e-01, 2.2385040e-01, 2.2418337e-01, 2.1562298e-01, 2.0735650e-01, 1.9937596e-01, 1.9167341e-01, 1.8424100e-01, 1.7707090e-01, 1.7015541e-01, 1.6348690e-01, 1.5705791e-01, 1.5086110e-01, 1.4488925e-01, 1.3913532e-01, 1.3359238e-01, 1.2825368e-01, 1.2311266e-01, 1.1816287e-01, 1.1339804e-01, 1.0881206e-01, 1.0439897e-01, 1.0015298e-01, 9.6068464e-02, 9.2139922e-02, 8.8362023e-02, 8.4729582e-02, 8.1237562e-02, 7.7881075e-02, 7.4655369e-02, 7.1555831e-02, 6.8577975e-02, 6.5717474e-02, 6.2970102e-02, 6.0331780e-02, 5.7798546e-02]
AlphaS_Lambda4: 0.342207
AlphaS_Lambda5: 0.239
