{{7.557629387818987, -1.7174733203652393, 17.444136182846464, 
 -5.043344436779622, 6.995158059940115, 0.037729504182447735, 
 0.10639088038906241, 30.69261316765948, -1.6500937720516202, 
 16.857654966248514, -0.42321086997778995, 0.7625872183388788, 
 0.056779379600359184, 0.018552854766770568, 30.8364832605336, 
 -1.649977059242227, 16.85418476803501, -0.002067136258911151, 
 0.0037430080540745195, 0.056884689923202884, 0.00009161529450497435}, 
 {0.7061867273423365, 0.07264410075605984, 1.8746846860839463, 
 0.45955053363609794, 0.4295062031484762, 0.004927733435931334, 
 0.013949862931075469, 3.1719656922531194, 0.09342228316148003, 
 2.183763093651344, 0.05917052860895401, 0.06373383880781049, 
 0.006544072944202148, 0.0023072421263066866, 3.1905958936711944, 
 0.09349458114086524, 2.187988863718309, 0.0002911895057070135, 
 0.0003145391262452566, 0.0065474596347440935, 0.000011420121857979557}, 
 {{1., -0.15264834161252686, 0.016234629161675333, -0.07235379883486094, 
 -0.0015520127531939362, -0.10517430863565945, -0.0957865403494521, 
 0.941868595316395, -0.15769483852752342, 0.021791140677313227, 
 -0.08777628085991931, -0.010855260917950832, -0.09190543081230264, 
 -0.03817083629798984, 0.940987245387563, -0.15770251324369827, 
 0.021772124113089777, -0.08825869144197675, -0.010409979490063982, 
 -0.0918988609864694, -0.03637630922507771}, {-0.15264834161252686, 1., 
 -0.144587627571904, 0.46883151110605503, 0.03783258530879481, 
 -0.14641687135798812, -0.1485868394088671, -0.10578894738599465, 
 0.9652163324173644, -0.15607626658643836, 0.5495551869224548, 
 0.12538843436821692, -0.2130479838408226, -0.2104036033195321, 
 -0.10567405530328029, 0.964858485787644, -0.1557836446727359, 
 0.550169936480857, 0.12710661261702222, -0.21342568162543576, 
 -0.21040786190294766}, {0.016234629161675333, -0.144587627571904, 
 0.9999999999999999, -0.8729729383296699, 0.9716491436524789, 
 -0.31784945873623527, -0.32265636991535773, -0.08345545643514538, 
 -0.09786503736477234, 0.9082318110784436, -0.7699948821438817, 
 0.8406411297130436, -0.3104680485782978, -0.31673150846490916, 
 -0.08433442214153564, -0.09742081238464098, 0.9070686678259481, 
 -0.7675846781580857, 0.8375075337987119, -0.3102118957193889, 
 -0.31630097213153285}, {-0.07235379883486094, 0.46883151110605503, 
 -0.8729729383296699, 1., -0.8250854595434365, 0.24202387818631713, 
 0.2452083889891797, 0.03755183455985254, 0.4154326157028023, 
 -0.7530499299136285, 0.9365320706081565, -0.648122807559756, 
 0.20872183234226915, 0.2140107305976131, 0.03837481683956529, 
 0.41492635496782476, -0.7518186696491533, 0.9345290123487767, 
 -0.6442884596775725, 0.20836895597156602, 0.2136004468083206}, 
 {-0.0015520127531939362, 0.03783258530879481, 0.9716491436524789, 
 -0.8250854595434365, 0.9999999999999998, -0.42825299269943956, 
 -0.43400742659231145, -0.11513862016117589, 0.09030609595166113, 
 0.8832340561929514, -0.7083211917077297, 0.894001705281841, 
 -0.43106529365376106, -0.4357893462738187, -0.11617511727777427, 
 0.09076934584478069, 0.8821977381039018, -0.705559162251224, 
 0.8910548103948897, -0.4308496546428976, -0.4352154779000516}, 
 {-0.10517430863565945, -0.14641687135798812, -0.31784945873623527, 
 0.24202387818631713, -0.42825299269943956, 0.9999999999999997, 
 0.9989615370105427, 0.09380747992448506, -0.22870385999813733, 
 -0.4496650996388348, 0.21341838477720396, -0.5324267261835961, 
 0.9811470723160796, 0.9238952605590786, 0.09543395187925692, 
 -0.22933574906117518, -0.45027669022829137, 0.21096007676203485, 
 -0.5313548434044731, 0.9809979470417547, 0.9208606571080109}, 
 {-0.0957865403494521, -0.1485868394088671, -0.32265636991535773, 
 0.2452083889891797, -0.43400742659231145, 0.9989615370105427, 
 0.9999999999999998, 0.11209648318581629, -0.23446198439822383, 
 -0.46363488047825846, 0.22121261498985004, -0.5485861896747237, 
 0.9852996542591758, 0.9389778950112155, 0.11380034190630967, 
 -0.23512926162681563, -0.4643121775483315, 0.21871980942594052, 
 -0.5475403998055235, 0.9851466866765304, 0.9362870165620927}, 
 {0.941868595316395, -0.10578894738599465, -0.08345545643514538, 
 0.03755183455985254, -0.11513862016117589, 0.09380747992448506, 
 0.11209648318581629, 1., -0.1408830547498016, -0.13086679949922006, 
 0.036857338421759374, -0.1579755468976081, 0.10174022412426105, 
 0.19545259211568078, 0.9999961805035, -0.1411980521128788, 
 -0.13117780087499395, 0.03552268367487653, -0.15645050538527885, 
 0.10154495689209644, 0.19817428058850678}, {-0.15769483852752342, 
 0.9652163324173644, -0.09786503736477234, 0.4154326157028023, 
 0.09030609595166113, -0.22870385999813733, -0.23446198439822383, 
 -0.1408830547498016, 1., -0.09735034399802528, 0.5397424706240997, 
 0.21254022708463235, -0.3061164163703538, -0.31832407213756775, 
 -0.1410369406550784, 0.999998893916265, -0.09696609267215885, 
 0.5416237093265341, 0.21462580358576872, -0.30649728334534837, 
 -0.31871821082677143}, {0.021791140677313227, -0.15607626658643836, 
 0.9082318110784436, -0.7530499299136285, 0.8832340561929514, 
 -0.4496650996388348, -0.46363488047825846, -0.13086679949922006, 
 -0.09735034399802528, 1., -0.7611305600879765, 0.9332566410216944, 
 -0.47899500348993873, -0.525289867030895, -0.13235636475384918, 
 -0.09668777886784613, 0.9999959669687811, -0.7598500701662706, 
 0.9321417328230547, -0.4787376690459578, -0.5259675957018456}, 
 {-0.08777628085991931, 0.5495551869224548, -0.7699948821438817, 
 0.9365320706081565, -0.7083211917077297, 0.21341838477720396, 
 0.22121261498985004, 0.036857338421759374, 0.5397424706240997, 
 -0.7611305600879765, 0.9999999999999998, -0.6194669027717277, 
 0.19514558248704617, 0.2259058251838703, 0.03789368856891946, 
 0.5393299333187813, -0.7606015057427622, 0.9999777656122414, 
 -0.6166069707639099, 0.19475348000426387, 0.22629637518869547}, 
 {-0.010855260917950832, 0.12538843436821692, 0.8406411297130436, 
 -0.648122807559756, 0.894001705281841, -0.5324267261835961, 
 -0.5485861896747237, -0.1579755468976081, 0.21254022708463235, 
 0.9332566410216944, -0.6194669027717277, 1.0000000000000002, 
 -0.5923844011001624, -0.6436354883659305, -0.15955959230058353, 
 0.21328815738117807, 0.933454829928427, -0.6175260196392782, 
 0.9999666717781295, -0.5922644516676188, -0.6444728923871113}, 
 {-0.09190543081230264, -0.2130479838408226, -0.3104680485782978, 
 0.20872183234226915, -0.43106529365376106, 0.9811470723160796, 
 0.9852996542591758, 0.10174022412426105, -0.3061164163703538, 
 -0.47899500348993873, 0.19514558248704617, -0.5923844011001624, 
 1.0000000000000004, 0.9689203034286875, 0.10345108892350774, 
 -0.30681798970933266, -0.4798960875890229, 0.1928443650533087, 
 -0.5923105559746183, 0.9999993559954914, 0.966840658669006}, 
 {-0.03817083629798984, -0.2104036033195321, -0.31673150846490916, 
 0.2140107305976131, -0.4357893462738187, 0.9238952605590786, 
 0.9389778950112155, 0.19545259211568078, -0.31832407213756775, 
 -0.525289867030895, 0.2259058251838703, -0.6436354883659305, 
 0.9689203034286875, 1., 0.19750399514862016, -0.31918398742583787, 
 -0.5264986471175203, 0.22351019435342254, -0.6436495932088359, 
 0.9688967521673881, 0.99996497033381}, {0.940987245387563, 
 -0.10567405530328029, -0.08433442214153564, 0.03837481683956529, 
 -0.11617511727777427, 0.09543395187925692, 0.11380034190630967, 
 0.9999961805035, -0.1410369406550784, -0.13235636475384918, 
 0.03789368856891946, -0.15955959230058353, 0.10345108892350774, 
 0.19750399514862016, 0.9999999999999999, -0.14135459820424598, 
 -0.13267091655052207, 0.03655417191102426, -0.15803190960333652, 
 0.10325458388576494, 0.200233930000945}, {-0.15770251324369827, 
 0.964858485787644, -0.09742081238464098, 0.41492635496782476, 
 0.09076934584478069, -0.22933574906117518, -0.23512926162681563, 
 -0.1411980521128788, 0.999998893916265, -0.09668777886784613, 
 0.5393299333187813, 0.21328815738117807, -0.30681798970933266, 
 -0.31918398742583787, -0.14135459820424598, 1.0000000000000002, 
 -0.09630224010593157, 0.5412170355108106, 0.2153748778914015, 
 -0.3071985744768728, -0.3195822952938231}, {0.021772124113089777, 
 -0.1557836446727359, 0.9070686678259481, -0.7518186696491533, 
 0.8821977381039018, -0.45027669022829137, -0.4643121775483315, 
 -0.13117780087499395, -0.09696609267215885, 0.9999959669687811, 
 -0.7606015057427622, 0.933454829928427, -0.4798960875890229, 
 -0.5264986471175203, -0.13267091655052207, -0.09630224010593157, 1., 
 -0.7593284206699858, 0.9323549689295267, -0.47963911827557015, 
 -0.5271857428983105}, {-0.08825869144197675, 0.550169936480857, 
 -0.7675846781580857, 0.9345290123487767, -0.705559162251224, 
 0.21096007676203485, 0.21871980942594052, 0.03552268367487653, 
 0.5416237093265341, -0.7598500701662706, 0.9999777656122414, 
 -0.6175260196392782, 0.1928443650533087, 0.22351019435342254, 
 0.03655417191102426, 0.5412170355108106, -0.7593284206699858, 
 0.9999999999999997, -0.6146886149857086, 0.1924530120161243, 
 0.22390044669061326}, {-0.010409979490063982, 0.12710661261702222, 
 0.8375075337987119, -0.6442884596775725, 0.8910548103948897, 
 -0.5313548434044731, -0.5475403998055235, -0.15645050538527885, 
 0.21462580358576872, 0.9321417328230547, -0.6166069707639099, 
 0.9999666717781295, -0.5923105559746183, -0.6436495932088359, 
 -0.15803190960333652, 0.2153748778914015, 0.9323549689295267, 
 -0.6146886149857086, 1., -0.5921951518618009, -0.6444934905876895}, 
 {-0.0918988609864694, -0.21342568162543576, -0.3102118957193889, 
 0.20836895597156602, -0.4308496546428976, 0.9809979470417547, 
 0.9851466866765304, 0.10154495689209644, -0.30649728334534837, 
 -0.4787376690459578, 0.19475348000426387, -0.5922644516676188, 
 0.9999993559954914, 0.9688967521673881, 0.10325458388576494, 
 -0.3071985744768728, -0.47963911827557015, 0.1924530120161243, 
 -0.5921951518618009, 1.0000000000000002, 0.9668175604173979}, 
 {-0.03637630922507771, -0.21040786190294766, -0.31630097213153285, 
 0.2136004468083206, -0.4352154779000516, 0.9208606571080109, 
 0.9362870165620927, 0.19817428058850678, -0.31871821082677143, 
 -0.5259675957018456, 0.22629637518869547, -0.6444728923871113, 
 0.966840658669006, 0.99996497033381, 0.200233930000945, -0.3195822952938231, 
 -0.5271857428983105, 0.22390044669061326, -0.6444934905876895, 
 0.9668175604173979, 0.9999999999999999}}}
