{{4.036901308399604, 0.8372189908089389, 1.0885141435428136, 
 1.0779062220654385, 1.5364810943429166, 13.74607841238179, 
 0.6813680396835762, 0.1880243286399823, 1.1374915165942692, 
 0.15543051115191786, 13.801971497227932, 0.678678044789136, 
 0.0009278161668127299, 1.1379800958449189, 0.0007611917470640155}, 
 {0.07720107137831245, 0.11005251176895078, 0.07181258482975617, 
 0.005099293224732038, 0.005832191626882737, 0.40167189317988955, 
 0.08952591073332804, 0.012372413316629752, 0.014201024224326925, 
 0.0010415274785151953, 0.4044645652916254, 0.0891745400149469, 
 0.00006105440206536698, 0.014287484663567376, 5.02541966182606*^-6}, 
 {{1.0000000000000002, 0.030192660549991285, 0.04385401013924479, 
 -0.6139920536060284, -0.5444488704007675, 0.9325768700357555, 
 -0.0038481535974517296, 0.02181722336953639, -0.6266391265335127, 
 -0.5955212584983386, 0.9317994418855892, -0.004268119480697033, 
 0.02282789686371702, -0.6261455857103633, -0.5936959815943493}, 
 {0.030192660549991285, 0.9999999999999998, 0.9983271093575201, 
 -0.04161677179014266, -0.042557249937262856, 0.03205699717853601, 
 0.9982968003606494, 0.9984025882739703, -0.03361515829994718, 
 -0.03976974307540691, 0.03204304650597865, 0.9982522568164371, 
 0.9983868203164119, -0.03354841321946539, -0.0399622006396516}, 
 {0.04385401013924479, 0.9983271093575201, 1., -0.07007149489942172, 
 -0.07343760217290185, 0.04794096888968269, 0.9954042840097334, 
 0.9980500090345159, -0.05525306743779124, -0.0680674770148705, 
 0.04792541967376938, 0.9953499703377413, 0.9980258567640466, 
 -0.05513774060482714, -0.0684732832439608}, {-0.6139920536060284, 
 -0.04161677179014266, -0.07007149489942172, 0.9999999999999997, 
 0.9827600212771287, -0.7679949051925135, 0.010287795360250113, 
 -0.016955130767383572, 0.9150691344782665, 0.9688379220838064, 
 -0.7683669954369582, 0.010853336313387116, -0.017961759760232957, 
 0.9141252260503125, 0.9691146697835501}, {-0.5444488704007675, 
 -0.042557249937262856, -0.07343760217290185, 0.9827600212771287, 
 0.9999999999999996, -0.6755121155996415, 0.005464313842916146, 
 -0.015234042250454875, 0.8474296810361713, 0.9576076936577003, 
 -0.6757705671669754, 0.005947345976311512, -0.015807061005286314, 
 0.8462627742828936, 0.9601477921581784}, {0.9325768700357555, 
 0.03205699717853601, 0.04794096888968269, -0.7679949051925135, 
 -0.6755121155996415, 0.9999999999999997, -0.01587115124480971, 
 0.021319665960294314, -0.852462629057082, -0.7733002324207077, 
 0.9999975400577951, -0.01650102793826877, 0.02305865203075405, 
 -0.8523539095229696, -0.7686999449791632}, {-0.0038481535974517296, 
 0.9982968003606494, 0.9954042840097334, 0.010287795360250113, 
 0.005464313842916146, -0.01587115124480971, 1., 0.9977200209869792, 
 0.02400264757776023, 0.014071308699214798, -0.015945995518713348, 
 0.9999996800651547, 0.9975862345714965, 0.02407692231651199, 
 0.013581259644153076}, {0.02181722336953639, 0.9984025882739703, 
 0.9980500090345159, -0.016955130767383572, -0.015234042250454875, 
 0.021319665960294314, 0.9977200209869792, 1., -0.01597939923809908, 
 -0.015912430701643002, 0.021303469267373462, 0.9976828034467684, 
 0.9999958724585334, -0.015957005293497813, -0.015906051138095456}, 
 {-0.6266391265335127, -0.03361515829994718, -0.05525306743779124, 
 0.9150691344782665, 0.8474296810361713, -0.852462629057082, 
 0.02400264757776023, -0.01597939923809908, 0.9999999999999997, 
 0.9449118117326907, -0.8533907647577421, 0.024742162117591386, 
 -0.01791279051625085, 0.9999970998402923, 0.9403245596768537}, 
 {-0.5955212584983386, -0.03976974307540691, -0.0680674770148705, 
 0.9688379220838064, 0.9576076936577003, -0.7733002324207077, 
 0.014071308699214798, -0.015912430701643002, 0.9449118117326907, 
 0.9999999999999998, -0.7738994970664513, 0.01469017397162614, 
 -0.01706784244191394, 0.9443081943777444, 0.999903311816861}, 
 {0.9317994418855892, 0.03204304650597865, 0.04792541967376938, 
 -0.7683669954369582, -0.6757705671669754, 0.9999975400577951, 
 -0.015945995518713348, 0.021303469267373462, -0.8533907647577421, 
 -0.7738994970664513, 0.9999999999999997, -0.01657693402523287, 
 0.023046655891568794, -0.853285456072055, -0.7692809540324307}, 
 {-0.004268119480697033, 0.9982522568164371, 0.9953499703377413, 
 0.010853336313387116, 0.005947345976311512, -0.01650102793826877, 
 0.9999996800651547, 0.9976828034467684, 0.024742162117591386, 
 0.01469017397162614, -0.01657693402523287, 1.0000000000000002, 
 0.9975469936501208, 0.024817111097077113, 0.01419328791933944}, 
 {0.02282789686371702, 0.9983868203164119, 0.9980258567640466, 
 -0.017961759760232957, -0.015807061005286314, 0.02305865203075405, 
 0.9975862345714965, 0.9999958724585334, -0.01791279051625085, 
 -0.01706784244191394, 0.023046655891568794, 0.9975469936501208, 
 1.0000000000000002, -0.017894955332561944, -0.017024956799692445}, 
 {-0.6261455857103633, -0.03354841321946539, -0.05513774060482714, 
 0.9141252260503125, 0.8462627742828936, -0.8523539095229696, 
 0.02407692231651199, -0.015957005293497813, 0.9999970998402923, 
 0.9443081943777444, -0.853285456072055, 0.024817111097077113, 
 -0.017894955332561944, 0.9999999999999998, 0.939694179650973}, 
 {-0.5936959815943493, -0.0399622006396516, -0.0684732832439608, 
 0.9691146697835501, 0.9601477921581784, -0.7686999449791632, 
 0.013581259644153076, -0.015906051138095456, 0.9403245596768537, 
 0.999903311816861, -0.7692809540324307, 0.01419328791933944, 
 -0.017024956799692445, 0.939694179650973, 0.9999999999999999}}}
